step,episode_reward
1000,4.758465737444611
2000,2.0006122272954188
3000,1.0000723615918532
4000,3.2871667384864183
5000,7.078292351913491
6000,4.351185373962818
7000,4.018509037562163
8000,5.731449434839563
9000,3.204321076949315
10000,12.30314426129593
11000,15.894348435538369
12000,16.195655338343297
13000,19.136876527911248
14000,7.643509224242113
15000,35.701541561289154
16000,5.28469696829681
17000,31.046524102203072
18000,57.35193341075805
19000,63.63496318748333
20000,60.01960288776602
21000,98.07822206628121
22000,110.47537613776075
23000,106.5819163851532
24000,118.31979289409594
25000,113.43728717524046
26000,119.9622769050396
27000,125.59317010905838
28000,140.01737521876262
29000,110.41304879159142
30000,115.37839556558792
31000,132.80278686861521
32000,125.89852224347744
33000,144.32013798938718
34000,124.99087285610243
35000,133.25098150314892
36000,117.7310989770426
37000,5.466987314348606
38000,1.9621867839668865
39000,4.08674336362133
40000,33.24816119707064
41000,65.18375331407522
42000,27.43410417442327
43000,46.995816049336256
44000,59.33607455799371
45000,58.87919485245945
46000,35.26219977962405
47000,17.117197176367718
48000,66.42975274673634
49000,62.07133467960107
50000,40.30020705180913
