step,episode_reward
1000,4.758465737444611
2000,1.5943475691062345
3000,2.6712100691288105
4000,8.605615345113943
5000,15.89297844114731
6000,45.97892399902844
7000,38.23860291760639
8000,61.39050724951074
9000,77.68344475865511
10000,71.94156423095505
11000,11.224589252462993
12000,91.66148362641857
13000,113.25135751540091
14000,81.99765189823216
15000,83.12732032859572
16000,72.6280187453256
17000,112.25325700468855
18000,114.74391416972324
19000,43.05242214469065
20000,7.930044479432219
21000,4.113918937367029
22000,29.50280727002515
23000,23.891385327061904
24000,36.80067420621535
25000,30.94183143313566
26000,25.554614525311298
27000,10.052704337705569
28000,28.473858428719787
29000,46.00229618226004
30000,130.2435405168198
31000,77.77704750675109
32000,125.69769745097993
33000,112.53813494326357
34000,108.95588788750919
35000,127.97769588981606
36000,119.64474510136583
37000,143.540838629069
38000,74.37952493982931
39000,136.8274966429134
40000,167.53247644696148
41000,4.876503622009958
42000,82.04996061197714
43000,82.48372270201038
44000,20.077332890882463
45000,70.70345129956725
46000,6.576375008894195
47000,23.679804445050934
48000,60.6925642307634
49000,41.624981278440245
50000,5.005368084192752
51000,11.628875740577927
52000,75.85437741852152
53000,23.579558773647932
54000,168.0856021923993
55000,150.4039536630607
56000,102.20311174792097
57000,39.07818108945652
58000,23.809075179557965
59000,83.03048866395896
60000,78.68080713983191
61000,85.98832715954495
62000,86.20054021119928
63000,130.98853471894077
64000,127.0594906023573
65000,171.51434510549643
66000,44.756788661836175
67000,55.921023287020105
68000,171.19664688988937
69000,39.99833290158202
70000,205.83593184045884
71000,216.81637166486698
72000,205.43750314324984
73000,197.27643158154527
74000,211.95672069484849
75000,205.46480009756817
76000,183.67457524456918
77000,51.75302582465282
78000,88.6262026195604
79000,180.42104243929384
80000,194.52789662989062
81000,152.46259074346258
82000,148.10079128088253
83000,4.16032898060427
84000,108.67406970660426
85000,4.091633227313352
86000,211.01964820516628
87000,196.569062990139
88000,225.79672649893106
89000,177.4451256580696
90000,68.46368364663469
91000,231.0591314299606
92000,206.5373120226746
93000,89.23039113245471
94000,214.2954073100455
95000,225.9218356287036
96000,212.0087702953393
97000,220.83535453518707
98000,223.92901000646475
99000,89.60059172469505
100000,224.89901817547027
101000,245.83764871438004
102000,232.5659049132882
103000,206.53619530059592
104000,248.26427898870344
105000,225.1628986112935
106000,168.62309819955308
107000,238.97104596347486
108000,198.16359804668917
109000,243.31124786767091
110000,250.75841583250397
111000,151.56722826852035
112000,247.32825901144253
113000,217.0707755019084
114000,243.5231134084598
115000,225.4077278664702
116000,221.69456096200386
117000,243.13719951964333
118000,225.60759175229532
119000,53.93454089862175
120000,234.48115851175433
121000,246.95726525360618
122000,274.1454154516761
123000,5.414828101465195
124000,5.350750341563399
125000,163.66997947042344
126000,232.2171296742646
127000,261.07030517763604
128000,264.44480582444123
129000,268.4720927033657
130000,210.49418727235263
131000,240.043004467758
132000,269.09058799337055
133000,234.7498323515094
134000,264.916858284197
135000,249.8632326658545
136000,247.5193792421561
137000,258.2573164286503
138000,220.27189270662078
139000,225.5211188488461
140000,237.92603688260078
141000,258.86803689787985
142000,219.25053636886918
143000,257.1009704315806
144000,246.0238718235262
145000,239.28418001812315
146000,86.4788390967184
147000,237.03375364430212
148000,250.08819174701986
149000,252.26705753892108
150000,229.1239037581113
151000,257.61404559885295
152000,258.5083425960786
153000,258.90721612180323
154000,232.97771779485407
155000,265.4687831293535
156000,249.04657048531234
157000,239.02803229697716
158000,228.94989672672443
159000,245.04011491492525
160000,277.0436675229872
161000,253.49116864820036
162000,273.7594572920107
163000,236.82769645765714
164000,253.61680991216824
165000,254.3321988809721
166000,243.41277860912274
167000,259.7121843029279
168000,239.96343296051
169000,248.14088347466202
170000,270.4203049600099
171000,81.03919301374634
172000,273.49197294163594
173000,262.6323850329847
174000,214.5952116561078
175000,271.30185706957224
176000,233.7134691211736
177000,236.78567830024954
178000,255.02541721315635
179000,237.806310476664
180000,219.219099787908
181000,252.63536892086657
182000,232.17297349235406
183000,268.0809184666709
184000,145.77514730569106
185000,221.82762302861823
186000,240.20017197146686
187000,241.87557324907337
188000,245.17428115749283
189000,191.99958121595995
190000,134.32990431690502
191000,213.08846767204477
192000,44.78189078025313
193000,264.2848398881385
194000,272.3027689793673
195000,274.0916276473283
196000,283.47618134688327
197000,247.90187566105615
198000,283.12254432589265
199000,232.84548017395292
200000,272.2456033044799
201000,264.85388588726886
202000,92.2714180978642
203000,256.85266452487434
204000,261.19934624186334
205000,268.17497842205097
206000,281.1405826423118
207000,274.8109694322447
208000,261.0049585305153
209000,243.10290450912154
210000,266.5248511213126
211000,255.21227579539786
212000,278.78082331548865
213000,278.177861237039
214000,262.5580130261065
215000,263.02213855649904
216000,263.81843099874345
217000,259.1622947701109
218000,277.7076408389881
219000,241.58023058965532
220000,227.2542937287858
221000,260.7314358159039
222000,213.8728360846989
223000,241.03236076277284
224000,299.2531159207377
225000,271.1524291201056
226000,284.7951334979168
227000,247.42403619445412
228000,268.96736248574933
229000,268.5787378463565
230000,264.42155778250896
231000,271.7452442162841
232000,230.0772629816669
233000,278.86357904572014
234000,289.5704306545662
235000,269.7384234107051
236000,252.10582171951935
237000,275.6268388324842
238000,272.5481271793882
239000,283.79531301550185
240000,265.3469235643452
241000,264.031017350392
242000,305.6746885660738
243000,302.89419985154143
244000,312.9592084122167
245000,275.7810956242983
246000,282.9300205467223
247000,290.2043606077635
248000,298.12352137042615
249000,293.61565073604584
250000,284.43027523943425
251000,285.1281752550318
252000,289.0977693175999
253000,278.80853427078154
254000,286.5702680221773
255000,269.71849474210296
256000,298.25376357511874
257000,295.1233895971532
258000,268.48932343711317
259000,272.3183305853019
260000,281.51559049196214
261000,296.96743020115866
262000,289.5223143197859
263000,287.76914868732024
264000,274.42054333646684
265000,285.14514212825856
266000,321.2683387472465
267000,277.305487178469
268000,269.3527603499873
269000,254.82847105919905
270000,306.00200790263415
271000,251.44467615279825
272000,280.8921511071141
273000,299.250250096937
274000,287.01161197179226
275000,292.90126121919826
276000,278.94450823213253
277000,292.61975802377543
278000,303.4237107947927
279000,266.3539280107808
280000,302.8845886569112
281000,273.48412147079785
282000,267.53176970050913
283000,276.74872059004673
284000,270.03171951269155
285000,280.42945745392313
286000,313.00278785949814
287000,286.4728157359
288000,246.07201507170316
289000,290.8891578860739
290000,282.52281469711727
291000,272.23846929809145
292000,281.6718463583407
293000,286.91792292004976
294000,288.19728837300596
295000,279.7284758041218
296000,277.61507881081997
297000,270.7777701301267
298000,267.7187847711238
299000,274.52648373060833
300000,292.184018606104
301000,245.7564835868231
302000,260.5372583434323
303000,283.86407892007327
304000,280.0534304870241
305000,285.78276579610866
306000,250.27115857306026
307000,286.8371313629832
308000,109.08930615050004
309000,284.2177611171268
310000,295.83187792147646
311000,252.70239187586486
312000,262.8837914062053
313000,294.914590520082
314000,302.5814477832049
315000,295.32222530092395
316000,275.4086131265585
317000,272.7552604983966
318000,267.5286059880754
319000,279.91522363932165
320000,263.69224832461964
321000,305.9395857060312
322000,292.3113497601555
323000,281.4939003288487
324000,279.98500317380245
325000,283.6577148856435
326000,289.7706814239795
327000,268.49938387323346
328000,266.3935162338559
329000,263.3693907583283
330000,278.9910014328731
331000,287.6209338610969
332000,274.13411581966704
333000,267.71196456038183
334000,270.98450890834334
335000,272.2557429152673
336000,289.2339328673984
337000,301.14514294727695
338000,301.7570662795162
339000,279.3167455965677
340000,297.3100121989712
341000,298.3171826133216
342000,274.43118092288944
343000,303.5665251564222
344000,284.0719885999199
345000,284.537800929534
346000,312.91364890498784
347000,264.7944074726967
348000,276.37336285935083
349000,287.82865733122867
350000,255.15693747211068
351000,298.98355344767
352000,271.2816406494321
353000,294.9561362899796
354000,284.21060784884247
355000,315.64176822076894
356000,294.2150347209214
357000,283.13996071420496
358000,294.6123640912717
359000,268.1621524339905
360000,312.12815456654056
361000,281.98976463048865
362000,271.1206010286079
363000,300.74508377095157
364000,299.5749085229231
365000,330.7540930028095
366000,274.2996270051784
367000,293.1737622135504
368000,299.4362683547457
369000,288.79756888934975
370000,298.7146291400573
371000,274.11867030656015
372000,270.9281940381977
373000,310.5971778380884
374000,283.10231057594785
375000,273.998124347729
376000,272.25633972934304
377000,296.69146897947445
378000,309.4666652735377
379000,286.53964342184145
380000,258.51101247120215
381000,290.08743482448915
382000,277.85947795504217
383000,276.5844549677421
384000,284.7463489330795
385000,282.66122751310894
386000,298.91847909615575
387000,293.9174609847604
388000,289.91351169167507
389000,300.88585977180554
390000,313.89233730959614
391000,278.2289273080623
392000,303.99641055671606
393000,305.645596838897
394000,291.4339774053984
395000,277.2707017230142
396000,288.9170285869978
397000,295.1748947390001
398000,305.6627320571464
399000,286.5607878202791
400000,293.5480886125299
401000,273.62159564185515
402000,272.497759299506
403000,284.3438603337271
404000,287.3387332253993
405000,257.8048586862179
406000,297.87963442319364
407000,294.9389935255144
408000,272.1154265629694
409000,293.0923975388991
410000,282.385367051565
411000,299.7526292302135
412000,265.806628677957
413000,267.75568232985165
414000,285.0063349686277
415000,276.8900418952448
416000,290.71727432591166
417000,273.85502453937465
418000,282.73591674499255
419000,282.6829395664578
420000,278.678875063156
421000,309.25149712190114
422000,299.7268247668917
423000,274.393728827042
424000,282.45195513609724
425000,295.12254336505714
426000,292.4314759708628
427000,313.1051023247308
428000,279.4167413287535
429000,276.89369529296715
430000,254.80089091562036
431000,306.9150927632767
432000,282.61880068857243
433000,268.86047266991187
434000,279.6981606490321
435000,299.1942964029021
436000,298.9751749043252
437000,270.40328907487634
438000,273.0808804490378
439000,288.1899273868804
440000,280.4358697252642
441000,272.6318753323733
442000,290.0404585782981
443000,287.0343278459733
444000,271.7141743445796
445000,269.9702828667995
446000,299.1904536029139
447000,275.86700626077726
448000,273.63810906629027
449000,271.03328673955946
450000,286.99757218474974
451000,264.5214024911172
452000,303.9098203810219
453000,293.4602023038571
454000,279.07871316372484
455000,256.7146398886829
456000,286.29960069806816
457000,273.05416689771613
458000,281.94922037731
459000,291.1568489916218
460000,286.54778884834593
461000,275.6630406032978
462000,290.1386270632339
463000,296.8049630890425
464000,291.3940686886048
465000,248.49530741000038
466000,277.1191737197681
467000,276.61083503565527
468000,273.27740417285156
469000,281.1511118088986
470000,257.6284327950088
471000,273.97739540219135
472000,276.1880826345647
473000,87.30487499204403
474000,279.79961931830144
475000,257.80462147127196
476000,266.0994096419721
477000,236.31216059032113
478000,263.46651671763186
479000,285.4884509522257
480000,262.717873118498
481000,280.6845055385659
482000,257.14019505781596
483000,302.0445778240588
484000,276.06473827244304
485000,276.7274757507652
486000,282.25515999083814
487000,230.23753927152336
488000,271.530860437067
489000,283.802747338148
490000,264.6192585855156
