step,episode_reward
1000,4.758465737444611
2000,1.6930971202457203
3000,18.57570708310279
4000,39.2348679310674
5000,31.139870743199182
6000,71.15600465521312
7000,12.487250624208599
8000,42.35772443486431
9000,56.91440711717211
10000,58.01514502846526
11000,38.52369184752602
12000,63.65437234307705
13000,99.15730198275087
14000,87.7773034927466
15000,57.73421634605656
16000,39.4794732247147
17000,16.695060125240268
18000,7.256252825138034
19000,28.36147390519249
20000,13.054106446382473
21000,64.43293016514185
22000,22.013545968027383
23000,27.862875140058524
24000,15.578839085261096
25000,14.61281886626706
26000,19.49593157384964
27000,13.883852228047646
28000,22.546840058461544
29000,16.179835086296922
30000,27.235317145184432
31000,9.50798913702544
32000,7.91392137752255
33000,20.41405764887861
34000,36.39433738647622
35000,26.88167788694708
36000,19.74809216802304
37000,28.70851591770268
38000,27.627603973188386
39000,18.865850552242684
40000,21.06344759780008
41000,17.57810058255522
42000,68.88741012274409
43000,21.197119766128843
44000,25.664510172117613
45000,13.09405374969447
46000,26.82997212792371
47000,13.203104076496622
48000,13.317613775604078
49000,20.98098725653622
50000,25.60000019860372
51000,11.324735565236818
52000,9.128907552766377
53000,19.410400079458903
54000,5.788011810242623
55000,4.389270182453436
56000,11.828884237582809
57000,28.813783665602376
58000,8.652868928062373
59000,5.735161310899056
60000,55.93573852949424
61000,134.92344797207306
62000,126.70810804617052
63000,24.403548200222183
64000,87.34243395175572
65000,27.11585246677095
66000,42.65968901670132
67000,114.89807325472476
68000,61.83366612598587
69000,75.27774860081695
70000,108.00267013170655
71000,59.24285600856226
72000,28.340422447882034
73000,175.86001481466
74000,65.68360465455714
75000,165.24588918533354
76000,57.176577593829215
77000,23.301871498898894
78000,74.86667549463301
79000,148.0041638448491
80000,113.7069642853345
81000,147.29647987839346
82000,71.50474689740297
83000,52.76623572356705
84000,184.65197379818528
85000,69.14227999491054
86000,65.50519194971639
87000,133.10828622915741
88000,120.76563695840899
89000,48.17472455077971
90000,67.97554440420852
91000,71.26970638948181
92000,200.17064063308408
93000,66.1887576124414
94000,35.592146482260745
95000,100.01227544202612
96000,149.31780279142825
97000,141.10347005749816
98000,63.6670968313508
99000,62.20985510002516
100000,201.4119320670978
